Cv(1) = 0.352e4;
Cv(2) = 0.317e4;
Cv(3) = 0.363e4;
Cv(4) = 0.393e4;
Cv(5) = 0.423e4;
Cv(6) = 0.595e4;
Cv(7) = 0.413e4;
Cv(8) = 0.372e4;
Cv(9) = 0.322e4;
Cv(10) = 0.458e4;

Cv(11) = 0.337e4;
Cv(12) = 0.374e4;
Cv(13) = 0.349e4;
Cv(14) = 0.306e4;
Cv(15) = 0.484e4;
Cv(16) = 0.428e4;
Cv(17) = 0.399e4;
Cv(18) = 0.312e4;
Cv(19) = 0.442e4;
Cv(20) = 0.704e4;

Cv(21) = 0.467e4;
Cv(22) = 0.421e4;
Cv(23) = 0.364e4;
Cv(24) = 0.517e4;
Cv(25) = 0.381e4;
Cv(26) = 0.491e4;
Cv(27) = 0.296e4;
Cv(28) = 0.311e4;
Cv(29) = 0.346e4;
Cv(30) = 1.016e4;

Cv(31) = 0.340e4;
Cv(32) = 0.381e4;
Cv(33) = 0.444e4;
Cv(34) = 0.439e4;
Cv(35) = 0.301e4;
Cv(36) = 0.481e4;
Cv(37) = 0.320e4;
Cv(38) = 0.481e4;
Cv(39) = 0.358e4;
Cv(40) = 0.704e4;

Cv(41) = 0.327e4;
Cv(42) = 0.405e4;
Cv(43) = 0.405e4;
Cv(44) = 0.349e4;
Cv(45) = 0.422e4;
Cv(46) = 0.440e4;
Cv(47) = 0.419e4;
Cv(48) = 0.380e4;
Cv(49) = 0.625e4;
Cv(50) = 0.349e4;

Cv(51) = 0.422e4;
Cv(52) = 0.440e4;
Cv(53) = 0.419e4;
Cv(54) = 0.381e4;
Cv(55) = 0.628e4;
