A0(1) = 6.789;
A0(2) = 5.011;
A0(3) = 1.535;
A0(4) = 0.919;
A0(5) = 0.703;
A0(6) = 0.181;
A0(7) = 0.833;
A0(8) = 0.423;
A0(9) = 0.648;
A0(10) = 0.118;

A0(11) = 0.589;
A0(12) = 0.458;
A0(13) = 0.458;
A0(14) = 4.486;
A0(15) = 0.536;
A0(16) = 0.350;
A0(17) = 0.350;
A0(18) = 3.941;
A0(19) = 0.706;
A0(20) = 0.129;

A0(21) = 0.650;
A0(22) = 0.330;
A0(23) = 0.505;
A0(24) = 0.093;
A0(25) = 0.461;
A0(26) = 0.316;
A0(27) = 3.604;
A0(28) = 2.659;
A0(29) = 1.086;
A0(30) = 0.126;

A0(31) = 0.659;
A0(32) = 0.442;
A0(33) = 0.468;
A0(34) = 0.782;
A0(35) = 2.233;
A0(36) = 0.385;
A0(37) = 1.981;
A0(38) = 0.385;
A0(39) = 1.389;
A0(40) = 0.118;

A0(41) = 1.251;
A0(42) = 0.694;
A0(43) = 0.694;
A0(44) = 0.730;
A0(45) = 0.285;
A0(46) = 0.409;
A0(47) = 0.398;
A0(48) = 0.444;
A0(49) = 0.123;

A0(50) = 0.730;
A0(51) = 0.285;
A0(52) = 0.409;
A0(53) = 0.398;
A0(54) = 0.442;
A0(55) = 0.122;
