L(1) = 4.0;
L(2) = 2.0;
L(3) = 3.4;
L(4) = 3.4;
L(5) = 17.7;
L(6) = 14.8;
L(7) = 42.2;
L(8) = 23.5;
L(9) = 6.7;
L(10) = 7.9;
L(11) = 17.1;
L(12) = 17.6;
L(13) = 17.7;
L(14) = 3.9;
L(15) = 20.8;
L(16) = 17.6;
L(17) = 17.7;
L(18) = 5.2;
L(19) = 3.4;
L(20) = 14.8;
L(21) = 42.2;
L(22) = 23.5;
L(23) = 6.7;
L(24) = 7.9;
L(25) = 17.1;
L(26) = 8.0;
L(27) = 10.4;
L(28) = 5.3;
L(29) = 2.0;
L(30) = 1.0;
L(31) = 6.6;
L(32) = 7.1;
L(33) = 6.3;
L(34) = 5.9;
L(35) = 1.0;
L(36) = 3.2;
L(37) = 1.0;
L(38) = 3.2;
L(39) = 10.6;
L(40) = 5.0;
L(41) = 1.0;
L(42) = 5.9;
L(43) = 5.8;
L(44) = 14.4;
L(45) = 5.0;
L(46) = 44.3;
L(47) = 12.6;
L(48) = 32.1;
L(49) = 34.3;
L(50) = 14.5;
L(51) = 5.0;
L(52) = 44.4;
L(53) = 12.7;
L(54) = 32.2;
L(55) = 34.4;
