Rt(6) = 0.906;
Rt(8) = 0.82;
Rt(10) = 0.956;
Rt(11) = 0.893;
Rt(12) = 0.784;
Rt(13) = 0.79;
Rt(16) = 0.784;
Rt(17) = 0.791;
Rt(20) = 0.906;
Rt(22) = 0.821;
Rt(24) = 0.956;
Rt(25) = 0.893;
Rt(26) = 0.627;
Rt(31) = 0.925;
Rt(32) = 0.921;
Rt(33) = 0.93;
Rt(34) = 0.934;
Rt(36) = 0.861;
Rt(38) = 0.861;
Rt(40) = 0.918;
Rt(45) = 0.925;
Rt(47) = 0.885;
Rt(48) = 0.724;
Rt(49) = 0.716;
Rt(51) = 0.925;
Rt(53) = 0.888;
Rt(54) = 0.724;
Rt(55) = 0.716;
