beta(1) = 0.023e6;
beta(2) = 0.024e6;
beta(3) = 0.049e6;
beta(4) = 0.069e6;
beta(5) = 0.085e6;
beta(6) = 0.470e6;
beta(7) = 0.076e6;
beta(8) = 0.192e6;
beta(9) = 0.134e6;
beta(10) = 0.895e6;

beta(11) = 0.148e6;
beta(12) = 0.186e6;
beta(13) = 0.173e6;
beta(14) = 0.024e6;
beta(15) = 0.111e6;
beta(16) = 0.243e6;
beta(17) = 0.227e6;
beta(18) = 0.026e6;
beta(19) = 0.088e6;
beta(20) = 0.657e6;

beta(21) = 0.097e6;
beta(22) = 0.247e6;
beta(23) = 0.172e6;
beta(24) = 1.139e6;
beta(25) = 0.189e6;
beta(26) = 0.147e6;
beta(27) = 0.026e6;
beta(28) = 0.032e6;
beta(29) = 0.056e6;
beta(30) = 0.481e6;

beta(31) = 0.070e6;
beta(32) = 0.096e6;
beta(33) = 0.109e6;
beta(34) = 0.083e6;
beta(35) = 0.034e6;
beta(36) = 0.130e6;
beta(37) = 0.038e6;
beta(38) = 0.130e6;
beta(39) = 0.051e6;
beta(40) = 0.344e6;

beta(41) = 0.049e6;
beta(42) = 0.082e6;
beta(43) = 0.082e6;
beta(44) = 0.137e6;
beta(45) = 0.531e6;
beta(46) = 0.231e6;
beta(47) = 0.223e6;
beta(48) = 0.383e6;
beta(49) = 1.197e6;

beta(50) = 0.137e6;
beta(51) = 0.531e6;
beta(52) = 0.231e6;
beta(53) = 0.223e6;
beta(54) = 0.385e6;
beta(55) = 1.210e6;
